"","groupA","groupB","diff","ratio.A.B."
"next",41,20,21,2.05
"tachycardia",35,14,21,2.5
"transfer",28,8,20,3.5
"allergy",41,22,19,1.86363636363636
"clinical",46,27,19,1.7037037037037
"complete",36,17,19,2.11764705882353
"impression",33,14,19,2.35714285714286
"insertion",40,22,18,1.81818181818182
"wall",36,18,18,2
"ceftazidime",21,4,17,5.25
"vancomycin",22,5,17,4.4
"mixed",30,13,17,2.30769230769231
"effusion",38,21,17,1.80952380952381
"pleural",41,24,17,1.70833333333333
"limbs",35,18,17,1.94444444444444
"low",43,27,16,1.59259259259259
"others",29,13,16,2.23076923076923
"serum",23,7,16,3.28571428571429
"plan",59,44,15,1.34090909090909
"appearance",24,9,15,2.66666666666667
"infection",49,34,15,1.44117647058824
"thoracic",30,15,15,2
"common",23,8,15,2.875
"multiple",32,18,14,1.77777777777778
"coarse",33,19,14,1.73684210526316
"dysphagia",53,39,14,1.35897435897436
"from",55,41,14,1.34146341463415
"tip",18,4,14,4.5
"atelectasis",21,8,13,2.625
"bacteria",41,28,13,1.46428571428571
"bone",52,39,13,1.33333333333333
"intermittent",56,43,13,1.30232558139535
"type",44,31,13,1.41935483870968
"progressive",36,23,13,1.56521739130435
"persistent",27,14,13,1.92857142857143
"distress",17,4,13,4.25
"albumin",23,11,12,2.09090909090909
"meropenem",16,4,12,4
"abnormal",34,22,12,1.54545454545455
"activity",21,9,12,2.33333333333333
"calcification",30,18,12,1.66666666666667
"cardiovascular",36,24,12,1.5
"chronic",38,26,12,1.46153846153846
"due",58,46,12,1.26086956521739
"foot",13,1,12,13
"sepsis",24,12,12,2
"venous",22,10,12,2.2
"component",22,10,12,2.2
"metabolic",40,28,12,1.42857142857143
"long",19,7,12,2.71428571428571
"epithelial",26,14,12,1.85714285714286
"femoral",22,10,12,2.2
"enterococcus",14,2,12,7
"acquired",13,1,12,13
"cefepime",17,6,11,2.83333333333333
"normal",59,48,11,1.22916666666667
"high",42,31,11,1.35483870967742
"fentanyl",19,8,11,2.375
"brief",59,48,11,1.22916666666667
"his",42,31,11,1.35483870967742
"limb",19,8,11,2.375
"right",60,49,11,1.22448979591837
"syncope",49,38,11,1.28947368421053
"tissue",21,10,11,2.1
"middle",16,5,11,3.2
"posterior",20,9,11,2.22222222222222
"urogenital",28,17,11,1.64705882352941
"calcified",18,7,11,2.57142857142857
"cells",32,21,11,1.52380952380952
"internal",17,6,11,2.83333333333333
"pressure",35,24,11,1.45833333333333
"thrombocytopenia",14,3,11,4.66666666666667
"transfusion",19,8,11,2.375
"aggressive",16,5,11,3.2
"pneumoniae",17,6,11,2.83333333333333
"diflucan",16,6,10,2.66666666666667
"bacillus",10,0,10,Inf
"morphine",29,19,10,1.52631578947368
"adrenal",25,15,10,1.66666666666667
"aorta",33,23,10,1.43478260869565
"atrophy",22,12,10,1.83333333333333
"failure",47,37,10,1.27027027027027
"fever",58,48,10,1.20833333333333
"field",19,9,10,2.11111111111111
"lower",50,40,10,1.25
"marginal",21,11,10,1.90909090909091
"materials",13,3,10,4.33333333333333
"mild",53,43,10,1.23255813953488
"nasal",53,43,10,1.23255813953488
"overload",14,4,10,3.5
"pulmonary",35,25,10,1.4
"renal",40,30,10,1.33333333333333
"respiratory",56,46,10,1.21739130434783
"systemic",39,29,10,1.3448275862069
"throat",35,25,10,1.4
"like",14,4,10,3.5
"liver",45,35,10,1.28571428571429
"crystal",20,10,10,2
"recurrent",22,12,10,1.83333333333333
"fibrillation",16,6,10,2.66666666666667
"gastric",16,6,10,2.66666666666667
"stenosis",20,10,10,2
"delirium",10,0,10,Inf
"mask",19,9,10,2.11111111111111
"pseudomonas",15,5,10,3
"drugs",15,5,10,3
"caregiver",25,15,10,1.66666666666667
"complex",10,0,10,Inf
"candida",12,3,9,4
"daptomycin",9,0,9,Inf
"levofloxacin",11,2,9,5.5
"anidulafungin",10,1,9,10
"tigecycline",9,0,9,Inf
"aortic",21,12,9,1.75
"bones",12,3,9,4
"fracture",18,9,9,2
"lung",55,46,9,1.19565217391304
"night",59,50,9,1.18
"septic",37,28,9,1.32142857142857
"small",56,47,9,1.19148936170213
"visual",13,4,9,3.25
"extremities",46,37,9,1.24324324324324
"peripheral",29,20,9,1.45
"post",56,47,9,1.19148936170213
"upper",40,31,9,1.29032258064516
"during",35,26,9,1.34615384615385
"associated",14,5,9,2.8
"hypoactive",18,9,9,2
"insufficiency",13,4,9,3.25
"arterial",13,4,9,3.25
"thyroid",29,21,8,1.38095238095238
"plavix",10,2,8,5
"lasix",13,5,8,2.6
"abscess",11,3,8,3.66666666666667
"anorexia",49,41,8,1.19512195121951
"ascites",21,13,8,1.61538461538462
"body",38,30,8,1.26666666666667
"borderline",11,3,8,3.66666666666667
"disease",52,44,8,1.18181818181818
"extremity",15,7,8,2.14285714285714
"head",29,21,8,1.38095238095238
"hypotension",43,35,8,1.22857142857143
"impairment",51,43,8,1.18604651162791
"joint",22,14,8,1.57142857142857
"leg",25,17,8,1.47058823529412
"lesions",21,13,8,1.61538461538462
"lumbar",19,11,8,1.72727272727273
"lymphadenopathy",32,24,8,1.33333333333333
"myalgia",48,40,8,1.2
"ocular",46,38,8,1.21052631578947
"ulcer",39,31,8,1.25806451612903
"vertigo",51,43,8,1.18604651162791
"weakness",50,42,8,1.19047619047619
"without",53,45,8,1.17777777777778
"facial",17,9,8,1.88888888888889
"form",17,9,8,1.88888888888889
"dependent",22,14,8,1.57142857142857
"local",24,16,8,1.5
"minimal",17,9,8,1.88888888888889
"nodular",11,3,8,3.66666666666667
"vascular",15,7,8,2.14285714285714
"atrial",18,10,8,1.8
"total",30,22,8,1.36363636363636
"hyperbilirubinemia",10,2,8,5
"non",9,1,8,9
"occlusive",11,3,8,3.66666666666667
"pes",9,1,8,9
"beats",14,6,8,2.33333333333333
"infectious",10,2,8,5
"metronidazole",11,4,7,2.75
"fluconazole",9,2,7,4.5
"hepatitis",15,8,7,1.875
"potassium",9,2,7,4.5
"aspirin",14,7,7,2
"amiodarone",11,4,7,2.75
"furosemide",10,3,7,3.33333333333333
"colistin",11,4,7,2.75
"constipation",55,48,7,1.14583333333333
"diarrhea",55,48,7,1.14583333333333
"focus",13,6,7,2.16666666666667
"fractures",12,5,7,2.4
"glucose",11,4,7,2.75
"goiter",36,29,7,1.24137931034483
"heart",58,51,7,1.13725490196078
"hematuria",54,47,7,1.14893617021277
"iii",17,10,7,1.7
"inguinal",11,4,7,2.75
"lymph",32,25,7,1.28
"partial",16,9,7,1.77777777777778
"regurgitation",50,43,7,1.16279069767442
"stones",10,3,7,3.33333333333333
"symmetric",45,38,7,1.18421052631579
"white",17,10,7,1.7
"yeast",13,6,7,2.16666666666667
"flat",32,25,7,1.28
"movement",21,14,7,1.5
"part",12,5,7,2.4
"airway",16,9,7,1.77777777777778
"hypokalemia",12,5,7,2.4
"opacity",14,7,7,2
"pigmentation",24,17,7,1.41176470588235
"pneumonia",43,36,7,1.19444444444444
"rigidity",8,1,7,8
"slow",11,4,7,2.75
"syndrome",21,14,7,1.5
"tapered",18,11,7,1.63636363636364
"tube",43,36,7,1.19444444444444
"alkalosis",8,1,7,8
"anemia",22,15,7,1.46666666666667
"esterase",10,3,7,3.33333333333333
"site",12,5,7,2.4
"obstruction",16,9,7,1.77777777777778
"rib",8,1,7,8
"onset",21,14,7,1.5
"generalized",10,3,7,3.33333333333333
"stomach",9,2,7,4.5
"mental",11,4,7,2.75
"decompensated",9,2,7,4.5
"oral",48,42,6,1.14285714285714
"protein",18,12,6,1.5
"skin",57,51,6,1.11764705882353
"extended",7,1,6,7
"cisplatin",8,2,6,4
"prednisolone",7,1,6,7
"acute",46,40,6,1.15
"advanced",9,3,6,3
"antibody",17,11,6,1.54545454545455
"anxiety",9,3,6,3
"band",28,22,6,1.27272727272727
"blood",60,54,6,1.11111111111111
"central",30,24,6,1.25
"diplopia",9,3,6,3
"excess",8,2,6,4
"fatigue",14,8,6,1.75
"gastrointestinal",32,26,6,1.23076923076923
"intolerance",55,49,6,1.12244897959184
"left",59,53,6,1.11320754716981
"man",38,32,6,1.1875
"positive",50,44,6,1.13636363636364
"telangiectasia",21,15,6,1.4
"tract",12,6,6,2
"urinary",52,46,6,1.1304347826087
"mass",27,21,6,1.28571428571429
"nervous",21,15,6,1.4
"drug",22,16,6,1.375
"colon",11,5,6,2.2
"hand",10,4,6,2.5
"hepatic",14,8,6,1.75
"platelet",7,1,6,7
"sinus",25,19,6,1.31578947368421
"mellitus",25,19,6,1.31578947368421
"red",7,1,6,7
"aeruginosa",10,4,6,2.5
"dysarthria",6,0,6,Inf
"erythema",8,2,6,4
"gangrene",7,1,6,7
"toe",8,2,6,4
"vertebral",7,1,6,7
"cyst",8,2,6,4
"decompression",9,3,6,3
"enzymes",14,8,6,1.75
"peritonitis",8,2,6,4
"ventricular",13,7,6,1.85714285714286
"male",16,10,6,1.6
"sternal",6,0,6,Inf
"lactate",11,5,6,2.2
"staphylococcus",10,4,6,2.5
"block",8,2,6,4
"multifocal",7,1,6,7
"virus",8,2,6,4
"spot",6,0,6,Inf
"coagulation",18,13,5,1.38461538461538
"kcl",8,3,5,2.66666666666667
"maxipime",18,13,5,1.38461538461538
"pitressin",8,3,5,2.66666666666667
"epinephrine",8,3,5,2.66666666666667
"flagyl",5,0,5,Inf
"insulin",10,5,5,2
"iron",7,2,5,3.5
"ertapenem",5,0,5,Inf
"influenza",9,4,5,2.25
"abdominal",58,53,5,1.09433962264151
"anomaly",5,0,5,Inf
"anosmia",5,0,5,Inf
"cancer",27,22,5,1.22727272727273
"contact",52,47,5,1.1063829787234
"defect",6,1,5,6
"expansion",48,43,5,1.11627906976744
"hair",13,8,5,1.625
"hiccup",5,0,5,Inf
"jaundice",15,10,5,1.5
"nut",13,8,5,1.625
"rhabdomyolysis",5,0,5,Inf
"spine",29,24,5,1.20833333333333
"tinnitus",47,42,5,1.11904761904762
"midline",10,5,5,2
"nodule",13,8,5,1.625
"refractory",14,9,5,1.55555555555556
"vocal",13,8,5,1.625
"colitis",5,0,5,Inf
"continuous",10,5,5,2
"factors",9,4,5,2.25
"random",13,8,5,1.625
"resistant",6,1,5,6
"round",6,1,5,6
"viral",10,5,5,2
"double",17,12,5,1.41666666666667
"growth",22,17,5,1.29411764705882
"node",15,10,5,1.5
"ulceration",15,10,5,1.5
"patent",9,4,5,2.25
"source",7,2,5,3.5
"mediastinal",16,11,5,1.45454545454545
"large",16,11,5,1.45454545454545
"inactive",7,2,5,3.5
"tuberculosis",8,3,5,2.66666666666667
"early",13,8,5,1.625
"igm",10,5,5,2
"nystagmus",5,0,5,Inf
"retinopathy",5,0,5,Inf
"transient",8,3,5,2.66666666666667
"leak",6,1,5,6
"parenchymal",7,2,5,3.5
"amputation",6,1,5,6
"elective",6,1,5,6
"coli",9,4,5,2.25
"beta",5,0,5,Inf
"lactic",18,14,4,1.28571428571429
"micafungin",4,0,4,Inf
"peritoneal",7,3,4,2.33333333333333
"cordarone",12,8,4,1.5
"unasyn",11,7,4,1.57142857142857
"ceftriaxone",9,5,4,1.8
"cubicin",4,0,4,Inf
"imipenem",5,1,4,5
"tygacil",4,0,4,Inf
"xylocaine",4,0,4,Inf
"alimta",5,1,4,5
"adenocarcinoma",10,6,4,1.66666666666667
"alopecia",6,2,4,3
"bilateral",58,54,4,1.07407407407407
"bowel",60,56,4,1.07142857142857
"cataracts",8,4,4,2
"cluster",13,9,4,1.44444444444444
"cough",60,56,4,1.07142857142857
"depression",11,7,4,1.57142857142857
"dilated",19,15,4,1.26666666666667
"hearing",51,47,4,1.08510638297872
"hirsutism",6,2,4,3
"injury",21,17,4,1.23529411764706
"intracranial",20,16,4,1.25
"muscle",53,49,4,1.08163265306122
"neck",41,37,4,1.10810810810811
"neurological",43,39,4,1.1025641025641
"nocturnal",49,45,4,1.08888888888889
"pain",61,57,4,1.07017543859649
"panic",6,2,4,3
"paroxysmal",17,13,4,1.30769230769231
"photophobia",4,0,4,Inf
"physical",61,57,4,1.07017543859649
"scoliosis",6,2,4,3
"sexual",7,3,4,2.33333333333333
"tremor",13,9,4,1.44444444444444
"corneal",9,5,4,1.8
"lobe",21,17,4,1.23529411764706
"motor",6,2,4,3
"plus",4,0,4,Inf
"tongue",13,9,4,1.44444444444444
"tumors",9,5,4,1.8
"viii",4,0,4,Inf
"umbilicus",13,9,4,1.44444444444444
"withdrawal",27,23,4,1.17391304347826
"cmv",8,4,4,2
"female",14,10,4,1.4
"illness",10,6,4,1.66666666666667
"legs",10,6,4,1.66666666666667
"proteus",5,1,4,5
"sharp",6,2,4,3
"steroid",15,11,4,1.36363636363636
"unexplained",4,0,4,Inf
"vessels",9,5,4,1.8
"person",8,4,4,2
"artery",28,24,4,1.16666666666667
"gastritis",7,3,4,2.33333333333333
"popliteal",6,2,4,3
"ribs",5,1,4,5
"differentiated",5,1,4,5
"hypernatremia",9,5,4,1.8
"arteries",10,6,4,1.66666666666667
"benign",9,5,4,1.8
"fixation",6,2,4,3
"nephropathy",5,1,4,5
"obstructive",13,9,4,1.44444444444444
"anal",9,5,4,1.8
"tibial",6,2,4,3
"heavy",8,4,4,2
"induced",6,2,4,3
"slight",4,0,4,Inf
"anterior",15,11,4,1.36363636363636
"inhibitor",4,0,4,Inf
"lobar",5,1,4,5
"reduced",6,2,4,3
"sensitive",6,2,4,3
"pneumonitis",8,4,4,2
"cerebral",14,10,4,1.4
"rectal",4,0,4,Inf
"toxicity",4,0,4,Inf
"biliary",5,1,4,5
"hernia",5,1,4,5
"diabetic",6,2,4,3
"fistula",4,0,4,Inf
"palsy",5,1,4,5
"permanent",6,2,4,3
"sensitivity",5,1,4,5
"wasting",5,1,4,5
"costovertebral",6,2,4,3
"exercise",4,0,4,Inf
"bethanechol",3,0,3,Inf
"factor",9,6,3,1.5
"electrolytes",12,9,3,1.33333333333333
"cortef",3,0,3,Inf
"fibrinogen",6,3,3,2
"magnesium",5,2,3,2.5
"solu",3,0,3,Inf
"lactulose",6,3,3,2
"liquid",4,1,3,4
"coumadin",4,1,3,4
"cozaar",4,1,3,4
"ampicillin",8,5,3,1.6
"ultracet",10,7,3,1.42857142857143
"amaryl",3,0,3,Inf
"inderal",4,1,3,4
"flu",6,3,3,2
"norepinephrine",3,0,3,Inf
"digoxin",4,1,3,4
"alprazolam",3,0,3,Inf
"linezolid",3,0,3,Inf
"zyvox",3,0,3,Inf
"intravenous",9,6,3,1.5
"tree",3,0,3,Inf
"dobutamine",3,0,3,Inf
"tarceva",3,0,3,Inf
"levetiracetam",3,0,3,Inf
"alcohol",13,10,3,1.3
"color",37,34,3,1.08823529411765
"dental",8,5,3,1.6
"edema",58,55,3,1.05454545454545
"intact",27,24,3,1.125
"loss",60,57,3,1.05263157894737
"negative",51,48,3,1.0625
"nonspecific",10,7,3,1.42857142857143
"osseous",3,0,3,Inf
"pelvic",17,14,3,1.21428571428571
"soft",49,46,3,1.06521739130435
"system",43,40,3,1.075
"weight",55,52,3,1.05769230769231
"acid",48,45,3,1.06666666666667
"between",7,4,3,1.75
"down",23,20,3,1.15
"shoulder",7,4,3,1.75
"strabismus",41,38,3,1.07894736842105
"tumor",30,27,3,1.11111111111111
"vii",5,2,3,2.5
"acth",10,7,3,1.42857142857143
"atypical",14,11,3,1.27272727272727
"broad",4,1,3,4
"terminal",18,15,3,1.2
"aspergillosis",4,1,3,4
"candidiasis",3,0,3,Inf
"chain",4,1,3,4
"cns",10,7,3,1.42857142857143
"kidneys",13,10,3,1.3
"medium",3,0,3,Inf
"neutropenia",5,2,3,2.5
"pericardial",9,6,3,1.5
"ray",6,3,3,2
"degenerative",27,24,3,1.125
"dementia",8,5,3,1.6
"finger",7,4,3,1.75
"coronary",17,14,3,1.21428571428571
"dilatation",13,10,3,1.3
"interstitial",11,8,3,1.375
"iodine",4,1,3,4
"ischemia",3,0,3,Inf
"hip",9,6,3,1.5
"limited",10,7,3,1.42857142857143
"necrosis",5,2,3,2.5
"name",4,1,3,4
"punctate",11,8,3,1.375
"gastroesophageal",3,0,3,Inf
"fibrosis",7,4,3,1.75
"hemorrhoid",3,0,3,Inf
"single",3,0,3,Inf
"absent",6,3,3,2
"septal",4,1,3,4
"age",6,3,3,2
"cholecystitis",5,2,3,2.5
"idiopathic",4,1,3,4
"sacral",4,1,3,4
"paraneoplastic",3,0,3,Inf
"atrophic",5,2,3,2.5
"interruption",4,1,3,4
"motility",3,0,3,Inf
"conduction",3,0,3,Inf
"expression",3,0,3,Inf
"fasciculation",4,1,3,4
"translocation",3,0,3,Inf
"epidermidis",3,0,3,Inf
"aureus",5,2,3,2.5
"escherichia",6,3,3,2
"aggravated",5,2,3,2.5
"symptom",9,6,3,1.5
"auditory",3,0,3,Inf
"inflammatory",4,1,3,4
"als",3,0,3,Inf
"accessory",3,0,3,Inf
"junctional",3,0,3,Inf
"jaw",3,0,3,Inf
"piperacillin",11,9,2,1.22222222222222
"dexamethasone",2,0,2,Inf
"lymphocyte",5,3,2,1.66666666666667
"short",7,5,2,1.4
"voriconazole",4,2,2,2
"combivent",4,2,2,2
"peg",3,1,2,3
"vitamin",3,1,2,3
"seroquel",3,1,2,3
"apresoline",2,0,2,Inf
"entecavir",3,1,2,3
"aldactone",7,5,2,1.4
"ethambutol",2,0,2,Inf
"urokinase",2,0,2,Inf
"valsartan",2,0,2,Inf
"midodrine",6,4,2,1.5
"tamiflu",7,5,2,1.4
"methylprednisolone",4,2,2,2
"erythromycin",2,0,2,Inf
"immune",2,0,2,Inf
"mexitil",2,0,2,Inf
"nimbex",4,2,2,2
"herceptin",2,0,2,Inf
"xeloda",4,2,2,2
"apixaban",2,0,2,Inf
"eliquis",2,0,2,Inf
"lantus",2,0,2,Inf
"balanced",2,0,2,Inf
"vfend",2,0,2,Inf
"fibrin",2,0,2,Inf
"taxotere",2,0,2,Inf
"caspofungin",2,0,2,Inf
"cytomegalovirus",2,0,2,Inf
"true",2,0,2,Inf
"cord",2,0,2,Inf
"phosphate",2,0,2,Inf
"gallium",2,0,2,Inf
"cefazolin",2,0,2,Inf
"pneumococcal",4,2,2,2
"crystals",6,4,2,1.5
"dislocation",2,0,2,Inf
"distal",14,12,2,1.16666666666667
"femur",5,3,2,1.66666666666667
"free",52,50,2,1.04
"insomnia",7,5,2,1.4
"kyphoscoliosis",2,0,2,Inf
"lumbosacral",4,2,2,2
"osteopenia",4,2,2,2
"periventricular",10,8,2,1.25
"prostate",10,8,2,1.25
"pupils",9,7,2,1.28571428571429
"purpura",45,43,2,1.04651162790698
"severe",36,34,2,1.05882352941176
"uremic",6,4,2,1.5
"dysfunction",18,16,2,1.125
"lateral",12,10,2,1.2
"occipital",6,4,2,1.5
"reactive",3,1,2,3
"tel",10,8,2,1.25
"wedge",4,2,2,2
"hypomagnesemia",3,1,2,3
"pneumothorax",8,6,2,1.33333333333333
"spectrum",4,2,2,2
"undetermined",4,2,2,2
"very",11,9,2,1.22222222222222
"abnormalities",5,3,2,1.66666666666667
"apparent",3,1,2,3
"breast",10,8,2,1.25
"cell",24,22,2,1.09090909090909
"cervical",7,5,2,1.4
"cutaneous",2,0,2,Inf
"cystic",5,3,2,1.66666666666667
"disseminated",2,0,2,Inf
"duodenal",6,4,2,1.5
"hollow",2,0,2,Inf
"involvement",7,5,2,1.4
"lymphoid",3,1,2,3
"marrow",6,4,2,1.5
"occult",9,7,2,1.28571428571429
"uterus",2,0,2,Inf
"endocrine",8,6,2,1.33333333333333
"symmetrical",6,4,2,1.5
"arm",5,3,2,1.66666666666667
"peroneal",2,0,2,Inf
"subclavian",4,2,2,2
"thrombosis",6,4,2,1.5
"vessel",8,6,2,1.33333333333333
"disability",2,0,2,Inf
"dissection",8,6,2,1.33333333333333
"brown",3,1,2,3
"linear",3,1,2,3
"medial",7,5,2,1.4
"radial",11,9,2,1.22222222222222
"subcutaneous",6,4,2,1.5
"urethral",2,0,2,Inf
"deficit",4,2,2,2
"late",4,2,2,2
"primary",6,4,2,1.5
"state",6,4,2,1.5
"fusion",2,0,2,Inf
"graft",5,3,2,1.66666666666667
"hepatorenal",2,0,2,Inf
"cycle",4,2,2,2
"hemorrhagic",4,2,2,2
"fifth",3,1,2,3
"phase",4,2,2,2
"tamponade",2,0,2,Inf
"autoimmune",8,6,2,1.33333333333333
"psychosis",2,0,2,Inf
"deterioration",9,7,2,1.28571428571429
"esophagus",4,2,2,2
"ataxia",2,0,2,Inf
"regional",5,3,2,1.66666666666667
"resistance",3,1,2,3
"kyphosis",2,0,2,Inf
"persisting",3,1,2,3
"mutation",5,3,2,1.66666666666667
"cholangitis",2,0,2,Inf
"hemiplegia",3,1,2,3
"organic",2,0,2,Inf
"receptor",2,0,2,Inf
"gland",4,2,2,2
"intestinal",3,1,2,3
"window",3,1,2,3
"arteriovenous",2,0,2,Inf
"caused",3,1,2,3
"neuron",2,0,2,Inf
"gene",3,1,2,3
"digestive",2,0,2,Inf
"hemoglobin",2,0,2,Inf
"encephalitis",3,1,2,3
"gamma",2,0,2,Inf
"significance",2,0,2,Inf
"asthma",3,1,2,3
"localized",2,0,2,Inf
"mycobacterium",2,0,2,Inf
"neuropathy",2,0,2,Inf
"cholestasis",2,0,2,Inf
"concentric",3,1,2,3
"metabolism",2,0,2,Inf
"nephrotic",2,0,2,Inf
"veins",3,1,2,3
"deficiency",3,1,2,3
"glomerulonephritis",2,0,2,Inf
"shaped",2,0,2,Inf
"amyotrophic",2,0,2,Inf
"episodic",2,0,2,Inf
"hyposmia",2,0,2,Inf
"reduction",2,0,2,Inf
"cyclic",2,0,2,Inf
"isolated",2,0,2,Inf
"osteomyelitis",2,0,2,Inf
"periodic",2,0,2,Inf
"serous",2,0,2,Inf
"conversion",2,0,2,Inf
"granulomatous",2,0,2,Inf
"infective",2,0,2,Inf
"narrow",2,0,2,Inf
"uncontrolled",2,0,2,Inf
"atrioventricular",2,0,2,Inf
"fingers",4,2,2,2
"scapula",2,0,2,Inf
"dysphonia",2,0,2,Inf
"positional",2,0,2,Inf
"primitive",2,0,2,Inf
"contracture",2,0,2,Inf
"bundle",2,0,2,Inf
"levophed",30,29,1,1.03448275862069
"allegra",2,1,1,2
"celecoxib",1,0,1,Inf
"codeine",3,2,1,1.5
"combined",38,37,1,1.02702702702703
"cyclophosphamide",1,0,1,Inf
"sutent",1,0,1,Inf
"lorazepam",2,1,1,2
"yellow",30,29,1,1.03448275862069
"augmentin",3,2,1,1.5
"cortisone",3,2,1,1.5
"filgrastim",2,1,1,2
"ganciclovir",2,1,1,2
"hydrocortisone",4,3,1,1.33333333333333
"megace",1,0,1,Inf
"nystatin",1,0,1,Inf
"trace",6,5,1,1.2
"insect",3,2,1,1.5
"heparin",6,5,1,1.2
"captopril",1,0,1,Inf
"ketorolac",1,0,1,Inf
"lanoxin",1,0,1,Inf
"tromethamine",1,0,1,Inf
"orally",1,0,1,Inf
"pyrazinamide",1,0,1,Inf
"ammonium",1,0,1,Inf
"clinimix",1,0,1,Inf
"januvia",1,0,1,Inf
"oxaliplatin",1,0,1,Inf
"propranolol",1,0,1,Inf
"thalidomide",1,0,1,Inf
"dextrose",1,0,1,Inf
"risperdal",1,0,1,Inf
"zyprexa",1,0,1,Inf
"chlorpromazine",1,0,1,Inf
"desmopressin",1,0,1,Inf
"estradiol",1,0,1,Inf
"exforge",1,0,1,Inf
"flurazepam",1,0,1,Inf
"lithium",1,0,1,Inf
"meloxicam",1,0,1,Inf
"metoprolol",1,0,1,Inf
"quetiapine",1,0,1,Inf
"famotidine",2,1,1,2
"carvedilol",1,0,1,Inf
"fluorescein",1,0,1,Inf
"hydroxychloroquine",1,0,1,Inf
"pantoprazole",1,0,1,Inf
"pce",6,5,1,1.2
"sterile",1,0,1,Inf
"xalatan",1,0,1,Inf
"clonidine",1,0,1,Inf
"precedex",2,1,1,2
"capecitabine",1,0,1,Inf
"clarithromycin",1,0,1,Inf
"indapamide",1,0,1,Inf
"ventolin",1,0,1,Inf
"crestor",1,0,1,Inf
"gelfoam",1,0,1,Inf
"lidocaine",3,2,1,1.5
"bal",3,2,1,1.5
"propafenone",1,0,1,Inf
"isoniazid",1,0,1,Inf
"rifampin",1,0,1,Inf
"trandate",1,0,1,Inf
"claforan",1,0,1,Inf
"atorvastatin",1,0,1,Inf
"linagliptin",1,0,1,Inf
"gemcitabine",1,0,1,Inf
"alpha",1,0,1,Inf
"clopidogrel",1,0,1,Inf
"gemzar",1,0,1,Inf
"navelbine",1,0,1,Inf
"paclitaxel",2,1,1,2
"paraplatin",1,0,1,Inf
"valtrex",2,1,1,2
"amikacin",2,1,1,2
"warfarin",3,2,1,1.5
"black",1,0,1,Inf
"cellcept",1,0,1,Inf
"dexilant",1,0,1,Inf
"ismo",1,0,1,Inf
"rapamune",1,0,1,Inf
"sirolimus",1,0,1,Inf
"dilantin",1,0,1,Inf
"itraconazole",1,0,1,Inf
"lamivudine",1,0,1,Inf
"midazolam",4,3,1,1.33333333333333
"ambisome",1,0,1,Inf
"amphotericin",1,0,1,Inf
"cefuroxime",2,1,1,2
"cytotec",1,0,1,Inf
"foscarnet",1,0,1,Inf
"foscavir",1,0,1,Inf
"metoclopramide",1,0,1,Inf
"milrinone",1,0,1,Inf
"mycophenolate",1,0,1,Inf
"primacor",1,0,1,Inf
"prochlorperazine",1,0,1,Inf
"prograf",1,0,1,Inf
"sucralfate",1,0,1,Inf
"tacrolimus",1,0,1,Inf
"valganciclovir",1,0,1,Inf
"vidaza",1,0,1,Inf
"verapamil",1,0,1,Inf
"zoloft",1,0,1,Inf
"ciprofloxacin",2,1,1,2
"eraxis",3,2,1,1.5
"mexiletine",1,0,1,Inf
"gentamicin",2,1,1,2
"house",2,1,1,2
"lapatinib",1,0,1,Inf
"vinorelbine",1,0,1,Inf
"aredia",1,0,1,Inf
"bisoprolol",1,0,1,Inf
"diltiazem",1,0,1,Inf
"etoposide",1,0,1,Inf
"pitavastatin",1,0,1,Inf
"rifabutin",1,0,1,Inf
"thyrogen",1,0,1,Inf
"cephalexin",1,0,1,Inf
"denosumab",1,0,1,Inf
"dianeal",1,0,1,Inf
"doral",1,0,1,Inf
"extraneal",1,0,1,Inf
"haloperidol",1,0,1,Inf
"mumps",1,0,1,Inf
"fish",1,0,1,Inf
"nivolumab",1,0,1,Inf
"oxycontin",1,0,1,Inf
"flucytosine",1,0,1,Inf
"multivitamin",1,0,1,Inf
"posaconazole",1,0,1,Inf
"sweet",1,0,1,Inf
"zovirax",1,0,1,Inf
"iressa",1,0,1,Inf
"baclofen",1,0,1,Inf
"ibuprofen",1,0,1,Inf
"naproxen",1,0,1,Inf
"esomeprazole",1,0,1,Inf
"tranexamic",1,0,1,Inf
"nintedanib",1,0,1,Inf
"ofev",1,0,1,Inf
"flumazenil",1,0,1,Inf
"fosfomycin",1,0,1,Inf
"urea",1,0,1,Inf
"japanese",1,0,1,Inf
"relenza",1,0,1,Inf
"lyrica",1,0,1,Inf
"rilutek",1,0,1,Inf
"riluzole",1,0,1,Inf
"trileptal",1,0,1,Inf
"androgen",1,0,1,Inf
"changes",22,21,1,1.04761904761905
"clinically",3,2,1,1.5
"conjunctiva",45,44,1,1.02272727272727
"context",1,0,1,Inf
"duct",6,5,1,1.2
"ducts",1,0,1,Inf
"eye",24,23,1,1.04347826086957
"glaucoma",5,4,1,1.25
"headache",27,26,1,1.03846153846154
"hiv",5,4,1,1.25
"manual",8,7,1,1.14285714285714
"microscopic",1,0,1,Inf
"phenomenon",1,0,1,Inf
"pyomyositis",1,0,1,Inf
"related",46,45,1,1.02222222222222
"retraction",8,7,1,1.14285714285714
"skull",14,13,1,1.07692307692308
"uremia",3,2,1,1.5
"basal",20,19,1,1.05263157894737
"sensory",6,5,1,1.2
"spleen",46,45,1,1.02222222222222
"vein",49,48,1,1.02083333333333
"vomiting",53,52,1,1.01923076923077
"excessive",2,1,1,2
"hypertension",32,31,1,1.03225806451613
"loose",3,2,1,1.5
"mood",4,3,1,1.33333333333333
"paralysis",2,1,1,2
"schizophrenia",2,1,1,2
"toxic",3,2,1,1.5
"vegetative",4,3,1,1.33333333333333
"aggregates",1,0,1,Inf
"chromosome",1,0,1,Inf
"hla",1,0,1,Inf
"leukemia",2,1,1,2
"lymphoblastic",1,0,1,Inf
"lymphocytes",1,0,1,Inf
"mesenteric",3,2,1,1.5
"pharyngeal",2,1,1,2
"rupture",6,5,1,1.2
"strain",2,1,1,2
"tall",1,0,1,Inf
"valve",4,3,1,1.33333333333333
"burning",5,4,1,1.25
"congestive",8,7,1,1.14285714285714
"genital",2,1,1,2
"hypercalcemia",4,3,1,1.33333333333333
"neurologic",9,8,1,1.125
"nose",5,4,1,1.25
"orientation",3,2,1,1.5
"migraine",1,0,1,Inf
"bronchiectasis",5,4,1,1.25
"child",2,1,1,2
"cirrhosis",5,4,1,1.25
"intestine",1,0,1,Inf
"remnant",1,0,1,Inf
"rubber",1,0,1,Inf
"valvular",4,3,1,1.33333333333333
"class",3,2,1,1.5
"diseases",8,7,1,1.14285714285714
"hydrocephalus",7,6,1,1.16666666666667
"exudative",1,0,1,Inf
"hemothorax",2,1,1,2
"hot",4,3,1,1.33333333333333
"urolithiasis",5,4,1,1.25
"visceral",1,0,1,Inf
"osteoarthritis",4,3,1,1.33333333333333
"anti",4,3,1,1.33333333333333
"membrane",2,1,1,2
"ureteral",2,1,1,2
"bacterial",7,6,1,1.16666666666667
"compartment",1,0,1,Inf
"erosive",1,0,1,Inf
"febrile",2,1,1,2
"hands",4,3,1,1.33333333333333
"hypersensitivity",1,0,1,Inf
"shunt",4,3,1,1.33333333333333
"sleep",4,3,1,1.33333333333333
"super",1,0,1,Inf
"superior",6,5,1,1.2
"ankle",8,7,1,1.14285714285714
"congenital",1,0,1,Inf
"disorders",1,0,1,Inf
"pneumonic",1,0,1,Inf
"pulmonic",2,1,1,2
"rigid",1,0,1,Inf
"scratch",1,0,1,Inf
"traumatic",3,2,1,1.5
"intracerebral",3,2,1,1.5
"ventricle",7,6,1,1.16666666666667
"global",3,2,1,1.5
"bipolar",1,0,1,Inf
"disorder",2,1,1,2
"aphasia",2,1,1,2
"diverticulitis",1,0,1,Inf
"parkinsonism",3,2,1,1.5
"romberg",2,1,1,2
"bird",1,0,1,Inf
"calcifications",9,8,1,1.125
"cytoplasmic",1,0,1,Inf
"aneurysm",4,3,1,1.33333333333333
"digitalis",1,0,1,Inf
"prolapse",1,0,1,Inf
"rna",2,1,1,2
"asthenia",1,0,1,Inf
"sheath",2,1,1,2
"anus",1,0,1,Inf
"diverticulosis",1,0,1,Inf
"ossification",1,0,1,Inf
"pyelonephritis",1,0,1,Inf
"transverse",2,1,1,2
"articular",1,0,1,Inf
"association",1,0,1,Inf
"bare",1,0,1,Inf
"metal",1,0,1,Inf
"nephrolithiasis",1,0,1,Inf
"sclerosis",3,2,1,1.5
"villous",1,0,1,Inf
"genu",1,0,1,Inf
"leiomyoma",1,0,1,Inf
"perception",1,0,1,Inf
"taste",1,0,1,Inf
"gouty",2,1,1,2
"meningitis",4,3,1,1.33333333333333
"ptosis",3,2,1,1.5
"spasticity",3,2,1,1.5
"subacute",2,1,1,2
"syphilis",2,1,1,2
"nuclear",4,3,1,1.33333333333333
"mastoiditis",2,1,1,2
"monoclonal",2,1,1,2
"necrotizing",2,1,1,2
"spinal",4,3,1,1.33333333333333
"unilateral",1,0,1,Inf
"diaphragmatic",1,0,1,Inf
"reunion",1,0,1,Inf
"vermis",1,0,1,Inf
"metacarpal",1,0,1,Inf
"ring",1,0,1,Inf
"epileptic",2,1,1,2
"gravis",1,0,1,Inf
"myasthenia",1,0,1,Inf
"adhesion",1,0,1,Inf
"aberrant",1,0,1,Inf
"akinesia",2,1,1,2
"cardiomyopathy",4,3,1,1.33333333333333
"constrictive",1,0,1,Inf
"premature",3,2,1,1.5
"digital",1,0,1,Inf
"dysmorphic",1,0,1,Inf
"eczema",1,0,1,Inf
"hypoglycemia",2,1,1,2
"malar",1,0,1,Inf
"native",1,0,1,Inf
"nephritis",1,0,1,Inf
"callosum",1,0,1,Inf
"canal",2,1,1,2
"infarcts",2,1,1,2
"clonal",1,0,1,Inf
"dyskeratosis",1,0,1,Inf
"follicular",1,0,1,Inf
"great",1,0,1,Inf
"host",1,0,1,Inf
"inclusion",1,0,1,Inf
"opioid",3,2,1,1.5
"pancytopenia",1,0,1,Inf
"phalangeal",1,0,1,Inf
"selective",2,1,1,2
"versus",1,0,1,Inf
"vulgaris",1,0,1,Inf
"bar",1,0,1,Inf
"leukoplakia",1,0,1,Inf
"nuchal",1,0,1,Inf
"paresis",1,0,1,Inf
"quadriplegia",1,0,1,Inf
"trismus",1,0,1,Inf
"antihypertensive",1,0,1,Inf
"dystonia",1,0,1,Inf
"fourth",1,0,1,Inf
"mat",1,0,1,Inf
"pure",1,0,1,Inf
"silent",1,0,1,Inf
"tibia",1,0,1,Inf
"walker",1,0,1,Inf
"basilar",2,1,1,2
"hypoplastic",1,0,1,Inf
"diverticulum",1,0,1,Inf
"eosinophilia",1,0,1,Inf
"transposition",1,0,1,Inf
"tunnel",1,0,1,Inf
"anesthesia",2,1,1,2
"angioedema",1,0,1,Inf
"arachnoiditis",1,0,1,Inf
"bodies",1,0,1,Inf
"charge",1,0,1,Inf
"die",1,0,1,Inf
"dilation",2,1,1,2
"myopathy",1,0,1,Inf
"ovaries",1,0,1,Inf
"quadriceps",1,0,1,Inf
"acoustic",1,0,1,Inf
"antiphospholipid",2,1,1,2
"endocarditis",2,1,1,2
"hemolytic",1,0,1,Inf
"horn",1,0,1,Inf
"hyper",1,0,1,Inf
"plasma",3,2,1,1.5
"strep",1,0,1,Inf
"scrotum",1,0,1,Inf
"sialadenitis",1,0,1,Inf
"digits",1,0,1,Inf
"paronychia",1,0,1,Inf
"abuse",1,0,1,Inf
"centrotemporal",1,0,1,Inf
"cushing",1,0,1,Inf
"deletion",1,0,1,Inf
"insects",1,0,1,Inf
"thalassemia",1,0,1,Inf
"infections",1,0,1,Inf
"nmda",1,0,1,Inf
"blindness",1,0,1,Inf
"pituitary",1,0,1,Inf
"sella",1,0,1,Inf
"unusual",1,0,1,Inf
"urticaria",1,0,1,Inf
"axial",1,0,1,Inf
"abducens",1,0,1,Inf
"hyperactivity",1,0,1,Inf
"repetitive",1,0,1,Inf
"sympathetic",1,0,1,Inf
"trigeminal",1,0,1,Inf
"branches",1,0,1,Inf
"chemical",1,0,1,Inf
"genetic",1,0,1,Inf
"lipoma",1,0,1,Inf
"ulcerative",1,0,1,Inf
"hypoventilation",1,0,1,Inf
"organizing",1,0,1,Inf
"postural",1,0,1,Inf
"hiccups",1,0,1,Inf
"hyperreflexia",1,0,1,Inf
"leukocyte",1,0,1,Inf
"simplex",1,0,1,Inf
"bullae",1,0,1,Inf
"laryngeal",1,0,1,Inf
"ectopic",1,0,1,Inf
"pregnancy",1,0,1,Inf
"diphenhydramine",2,2,0,1
"dopamine",14,14,0,1
"humulin",3,3,0,1
"sodium",4,4,0,1
"ativan",2,2,0,1
"bromocriptine",1,1,0,1
"acyclovir",3,3,0,1
"keppra",13,13,0,1
"phenytoin",3,3,0,1
"haldol",1,1,0,1
"tetracycline",2,2,0,1
"therapeutic",8,8,0,1
"adalat",1,1,0,1
"prescription",1,1,0,1
"allopurinol",1,1,0,1
"oxacillin",1,1,0,1
"spiriva",1,1,0,1
"plaquenil",4,4,0,1
"triple",2,2,0,1
"carboplatin",1,1,0,1
"fdg",1,1,0,1
"brilinta",1,1,0,1
"lipitor",1,1,0,1
"regorafenib",1,1,0,1
"doripenem",1,1,0,1
"iopromide",1,1,0,1
"ultravist",1,1,0,1
"naloxone",1,1,0,1
"methyl",1,1,0,1
"afatinib",1,1,0,1
"erlotinib",1,1,0,1
"abnormality",7,7,0,1
"diabetes",25,25,0,1
"kidney",21,21,0,1
"light",39,39,0,1
"shock",36,36,0,1
"alveolar",1,1,0,1
"cold",52,52,0,1
"metastatic",9,9,0,1
"nerve",3,3,0,1
"sarcoma",1,1,0,1
"autonomic",3,3,0,1
"extrapyramidal",1,1,0,1
"hyperthermia",1,1,0,1
"hypocalcemia",1,1,0,1
"pancreatitis",3,3,0,1
"paranoid",1,1,0,1
"reflux",12,12,0,1
"responsive",3,3,0,1
"cysts",9,9,0,1
"fatty",3,3,0,1
"focal",21,21,0,1
"hyperglycemia",3,3,0,1
"lymphoma",3,3,0,1
"lymphomas",1,1,0,1
"lysis",1,1,0,1
"meningeal",3,3,0,1
"organ",8,8,0,1
"pancreas",15,15,0,1
"spots",2,2,0,1
"irritable",2,2,0,1
"osteoporosis",1,1,0,1
"cellulitis",3,3,0,1
"hormone",4,4,0,1
"hypothyroidism",2,2,0,1
"muscular",4,4,0,1
"nipple",4,4,0,1
"infiltrate",2,2,0,1
"flexure",1,1,0,1
"hepatocellular",2,2,0,1
"hypertensive",1,1,0,1
"cognitive",1,1,0,1
"intrinsic",1,1,0,1
"segmental",1,1,0,1
"cerebellum",7,7,0,1
"pericardium",1,1,0,1
"predominance",1,1,0,1
"shared",1,1,0,1
"erythroid",1,1,0,1
"gastroenteritis",1,1,0,1
"minor",1,1,0,1
"myelodysplastic",1,1,0,1
"delayed",3,3,0,1
"portal",3,3,0,1
"coming",1,1,0,1
"frontotemporal",1,1,0,1
"attack",5,5,0,1
"foreign",2,2,0,1
"lip",2,2,0,1
"conduct",1,1,0,1
"hyperthyroidism",2,2,0,1
"tsh",5,5,0,1
"pancreatic",4,4,0,1
"atrium",1,1,0,1
"sac",1,1,0,1
"adenoma",2,2,0,1
"hyperammonemia",1,1,0,1
"pretibial",1,1,0,1
"alternating",1,1,0,1
"bradykinesia",1,1,0,1
"language",1,1,0,1
"empty",1,1,0,1
"cornea",2,2,0,1
"elbow",3,3,0,1
"neu",1,1,0,1
"subcortical",1,1,0,1
"papillary",1,1,0,1
"sclerotic",2,2,0,1
"nasopharyngeal",1,1,0,1
"diaper",1,1,0,1
"gammopathy",1,1,0,1
"erythematosus",1,1,0,1
"lupus",1,1,0,1
"conjunctivitis",1,1,0,1
"leptomeningeal",2,2,0,1
"malposition",1,1,0,1
"obesity",1,1,0,1
"corpus",1,1,0,1
"variable",2,2,0,1
"dependence",1,1,0,1
"quadriparesis",1,1,0,1
"allergic",1,1,0,1
"coronal",1,1,0,1
"vertex",1,1,0,1
"mandibular",1,1,0,1
"degeneration",1,1,0,1
"wallerian",1,1,0,1
"intermediate",1,1,0,1
"hypoplasia",1,1,0,1
"lacunar",1,1,0,1
"palate",2,2,0,1
"sphincter",1,1,0,1
"susceptibility",1,1,0,1
"diplegia",1,1,0,1
"nails",1,1,0,1
"creatine",1,1,0,1
"granuloma",1,1,0,1
"irritation",1,1,0,1
"neuralgia",1,1,0,1
"optic",1,1,0,1
"skeletal",1,1,0,1
"overhydrated",2,2,0,1
"ramsay",2,2,0,1
"spasm",1,1,0,1
"neutrophil",1,1,0,1
"clozapine",0,1,-1,0
"clozaril",0,1,-1,0
"dantrolene",0,1,-1,0
"vaginal",1,2,-1,0.5
"highly",7,8,-1,0.875
"atrovent",3,4,-1,0.75
"diovan",1,2,-1,0.5
"fosamax",0,1,-1,0
"norvasc",3,4,-1,0.75
"baraclude",2,3,-1,0.666666666666667
"catapres",0,1,-1,0
"mircera",0,1,-1,0
"avodart",0,1,-1,0
"gold",0,1,-1,0
"invanz",1,2,-1,0.5
"azithromycin",0,1,-1,0
"acetylcysteine",0,1,-1,0
"dextromethorphan",0,1,-1,0
"valproate",0,1,-1,0
"amoxicillin",1,2,-1,0.5
"aqueous",0,1,-1,0
"cat",0,1,-1,0
"glycerol",0,1,-1,0
"nasonex",0,1,-1,0
"topamax",1,2,-1,0.5
"xyzal",0,1,-1,0
"avelox",1,2,-1,0.5
"multi",0,1,-1,0
"mdp",0,1,-1,0
"methylene",0,1,-1,0
"neupro",0,1,-1,0
"ortho",0,1,-1,0
"betamethasone",1,2,-1,0.5
"tofranil",0,1,-1,0
"clindamycin",0,1,-1,0
"enbrel",0,1,-1,0
"salagen",0,1,-1,0
"trimethoprim",0,1,-1,0
"celebrex",0,1,-1,0
"scopolamine",4,5,-1,0.8
"haemophilus",0,1,-1,0
"ipratropium",0,1,-1,0
"dabigatran",0,1,-1,0
"metformin",0,1,-1,0
"doxycycline",0,1,-1,0
"ioversol",0,1,-1,0
"optiray",0,1,-1,0
"gadobutrol",0,1,-1,0
"ambien",0,1,-1,0
"hypertonic",0,1,-1,0
"zolpidem",0,1,-1,0
"activated",0,1,-1,0
"parathyroid",0,1,-1,0
"rasburicase",0,1,-1,0
"sotalol",0,1,-1,0
"zometa",0,1,-1,0
"pomalidomide",0,1,-1,0
"abatacept",0,1,-1,0
"leflunomide",0,1,-1,0
"tocilizumab",0,1,-1,0
"meningococcal",0,1,-1,0
"adenosine",0,1,-1,0
"cranial",15,16,-1,0.9375
"disc",1,2,-1,0.5
"origin",4,5,-1,0.8
"thrush",8,9,-1,0.888888888888889
"alterations",0,1,-1,0
"art",0,1,-1,0
"carotid",32,33,-1,0.96969696969697
"hypoxia",5,6,-1,0.833333333333333
"instability",1,2,-1,0.5
"job",0,1,-1,0
"myocarditis",0,1,-1,0
"neuroleptic",0,1,-1,0
"overdose",1,2,-1,0.5
"pointes",0,1,-1,0
"seizures",6,7,-1,0.857142857142857
"tendon",3,4,-1,0.75
"torsades",0,1,-1,0
"trigger",7,8,-1,0.875
"wrist",4,5,-1,0.8
"core",1,2,-1,0.5
"external",5,6,-1,0.833333333333333
"dysphasia",2,3,-1,0.666666666666667
"ear",7,8,-1,0.875
"ears",2,3,-1,0.666666666666667
"hyperkalemia",6,7,-1,0.857142857142857
"osteonecrosis",0,1,-1,0
"temporary",2,3,-1,0.666666666666667
"hyperpigmentation",4,5,-1,0.8
"polydipsia",3,4,-1,0.75
"septum",1,2,-1,0.5
"characteristic",0,1,-1,0
"callus",0,1,-1,0
"hyperparathyroidism",0,1,-1,0
"hyperplasia",6,7,-1,0.857142857142857
"proximal",9,10,-1,0.9
"chinese",3,4,-1,0.75
"gingival",1,2,-1,0.5
"death",30,31,-1,0.967741935483871
"laterality",0,1,-1,0
"prostatic",3,4,-1,0.75
"amniotic",0,1,-1,0
"cystitis",1,2,-1,0.5
"delay",0,1,-1,0
"fanconi",0,1,-1,0
"group",1,2,-1,0.5
"myeloid",0,1,-1,0
"obliterans",0,1,-1,0
"occupational",0,1,-1,0
"varices",1,2,-1,0.5
"hyperuricemia",2,3,-1,0.666666666666667
"neural",0,1,-1,0
"temporal",10,11,-1,0.909090909090909
"dermopathy",0,1,-1,0
"eating",2,3,-1,0.666666666666667
"narrowed",0,1,-1,0
"seafood",0,1,-1,0
"mitral",4,5,-1,0.8
"tracheal",2,3,-1,0.666666666666667
"face",4,5,-1,0.8
"vas",1,2,-1,0.5
"herpes",2,3,-1,0.666666666666667
"epilepsy",2,3,-1,0.666666666666667
"lima",0,1,-1,0
"annular",0,1,-1,0
"asymmetric",0,1,-1,0
"intrahepatic",1,2,-1,0.5
"kinking",0,1,-1,0
"myxomatous",0,1,-1,0
"patton",0,1,-1,0
"lymphangioma",0,1,-1,0
"blind",0,1,-1,0
"catecholamine",0,1,-1,0
"healthy",1,2,-1,0.5
"neurogenic",1,2,-1,0.5
"polymorphic",0,1,-1,0
"stiff",0,1,-1,0
"vasculitis",0,1,-1,0
"western",0,1,-1,0
"bands",0,1,-1,0
"oropharynx",0,1,-1,0
"dyskinesia",0,1,-1,0
"orthostatic",0,1,-1,0
"iga",1,2,-1,0.5
"myeloma",1,2,-1,0.5
"fasciitis",0,1,-1,0
"hyperkeratosis",0,1,-1,0
"ldl",1,2,-1,0.5
"hemophagocytic",0,1,-1,0
"herpetiformis",0,1,-1,0
"regression",0,1,-1,0
"myositis",0,1,-1,0
"rheumatoid",0,1,-1,0
"apraxia",0,1,-1,0
"celiac",0,1,-1,0
"thin",0,1,-1,0
"colonic",0,1,-1,0
"splenic",1,2,-1,0.5
"tubular",0,1,-1,0
"whipple",0,1,-1,0
"attenuated",0,1,-1,0
"adult",0,1,-1,0
"lymphomatous",0,1,-1,0
"ankylosing",0,1,-1,0
"oro",0,1,-1,0
"transmission",0,1,-1,0
"aneurysmal",0,1,-1,0
"bullous",0,1,-1,0
"causes",0,1,-1,0
"lymphocytic",0,1,-1,0
"capillary",0,1,-1,0
"impossible",0,1,-1,0
"myocardium",0,1,-1,0
"vertical",0,1,-1,0
"mucous",0,1,-1,0
"ovarian",0,1,-1,0
"zygomatic",0,1,-1,0
"arousal",0,1,-1,0
"median",0,1,-1,0
"neutral",0,1,-1,0
"pubic",0,1,-1,0
"dominant",0,1,-1,0
"myoclonic",0,1,-1,0
"shingles",0,1,-1,0
"psoriatic",0,1,-1,0
"proptosis",0,1,-1,0
"reticularis",0,1,-1,0
"cca",0,1,-1,0
"listeria",0,1,-1,0
"gender",0,1,-1,0
"inversion",0,1,-1,0
"perisylvian",0,1,-1,0
"intercellular",0,1,-1,0
"pleuritis",0,1,-1,0
"valves",0,1,-1,0
"cholelithiasis",0,1,-1,0
"complement",0,1,-1,0
"levator",0,1,-1,0
"meningitidis",0,1,-1,0
"neisseria",0,1,-1,0
"sparing",0,1,-1,0
"thrombotic",0,1,-1,0
"colorectal",0,1,-1,0
"thalamic",0,1,-1,0
"intracavitary",0,1,-1,0
"outlet",0,1,-1,0
"giant",0,1,-1,0
"essential",3,5,-2,0.6
"folic",2,4,-2,0.5
"lipid",1,3,-2,0.333333333333333
"zithromax",3,5,-2,0.6
"calcium",2,4,-2,0.5
"moxifloxacin",0,2,-2,0
"acetaminophen",2,4,-2,0.5
"valproic",1,3,-2,0.333333333333333
"zoster",1,3,-2,0.333333333333333
"avastin",1,3,-2,0.333333333333333
"minirin",1,3,-2,0.333333333333333
"vasopressin",0,2,-2,0
"mobic",0,2,-2,0
"diffuse",29,31,-2,0.935483870967742
"emphysema",3,5,-2,0.6
"joints",11,13,-2,0.846153846153846
"matter",10,12,-2,0.833333333333333
"reflex",49,51,-2,0.96078431372549
"specific",7,9,-2,0.777777777777778
"acidosis",25,27,-2,0.925925925925926
"aspiration",16,18,-2,0.888888888888889
"major",4,6,-2,0.666666666666667
"seizure",19,21,-2,0.904761904761905
"stress",8,10,-2,0.8
"apnea",4,6,-2,0.666666666666667
"cataract",4,6,-2,0.666666666666667
"food",3,5,-2,0.6
"mandible",1,3,-2,0.333333333333333
"nail",8,10,-2,0.8
"caries",2,4,-2,0.5
"cortical",15,17,-2,0.882352941176471
"atherosclerosis",8,10,-2,0.8
"fatal",1,3,-2,0.333333333333333
"myocardial",4,6,-2,0.666666666666667
"hypertrophy",3,5,-2,0.6
"chlamydia",1,3,-2,0.333333333333333
"crest",0,2,-2,0
"dermatitis",1,3,-2,0.333333333333333
"dysplasia",2,4,-2,0.5
"esophageal",3,5,-2,0.6
"hydronephrosis",6,8,-2,0.75
"lead",3,5,-2,0.6
"feet",0,2,-2,0
"arrhythmia",2,4,-2,0.5
"tricuspid",1,3,-2,0.333333333333333
"cholangiocarcinoma",0,2,-2,0
"arthritis",2,4,-2,0.5
"absence",3,5,-2,0.6
"bronchitis",2,4,-2,0.5
"radiation",2,4,-2,0.5
"pemphigoid",0,2,-2,0
"jiroveci",0,2,-2,0
"pneumocystis",0,2,-2,0
"gout",1,3,-2,0.333333333333333
"hepatomegaly",0,2,-2,0
"arms",0,2,-2,0
"arch",0,2,-2,0
"cavernous",0,2,-2,0
"orbital",0,2,-2,0
"panhypopituitarism",0,2,-2,0
"thrombocytopenic",0,2,-2,0
"mannitol",6,9,-3,0.666666666666667
"ddavp",2,5,-3,0.4
"rituximab",1,4,-3,0.25
"mouth",9,12,-3,0.75
"herniation",3,6,-3,0.5
"insipidus",1,4,-3,0.25
"deep",11,14,-3,0.785714285714286
"maxillary",1,4,-3,0.25
"splenomegaly",2,5,-3,0.4
"teeth",1,4,-3,0.25
"brachial",6,9,-3,0.666666666666667
"neoplasm",5,8,-3,0.625
"bronchiolitis",0,3,-3,0
"esophagitis",1,4,-3,0.25
"gray",0,3,-3,0
"mucosal",2,5,-3,0.4
"ami",0,3,-3,0
"cortex",0,3,-3,0
"fissure",0,3,-3,0
"restrictive",0,3,-3,0
"cheek",0,3,-3,0
"atropine",1,5,-4,0.2
"propofol",0,4,-4,0
"bladder",6,10,-4,0.6
"deformity",10,14,-4,0.714285714285714
"malignant",11,15,-4,0.733333333333333
"myoclonus",2,6,-4,0.333333333333333
"sinuses",1,5,-4,0.2
"carcinoma",13,17,-4,0.764705882352941
"secondary",6,10,-4,0.6
"return",9,13,-4,0.692307692307692
"squamous",4,8,-4,0.5
"scalp",0,4,-4,0
"development",0,4,-4,0
"speech",2,6,-4,0.333333333333333
"salivary",1,5,-4,0.2
"pediatric",1,5,-4,0.2
"cerebellar",1,5,-4,0.2
"penicillin",5,10,-5,0.5
"encephalopathy",13,18,-5,0.722222222222222
"stem",5,10,-5,0.5
"enzyme",3,8,-5,0.375
"ganglia",3,8,-5,0.375
"nexium",8,14,-6,0.571428571428571
"inferior",3,9,-6,0.333333333333333
"frontal",10,16,-6,0.625
"cardiac",41,48,-7,0.854166666666667
"coma",10,17,-7,0.588235294117647
"spontaneous",17,24,-7,0.708333333333333
"brain",38,47,-9,0.808510638297872
"sudden",14,23,-9,0.608695652173913
"rocephin",4,15,-11,0.266666666666667
"hypothermia",8,23,-15,0.347826086956522
"arrest",8,26,-18,0.307692307692308
